cellular-automata/suitability.asc
NCOLS 400 
NROWS 400 
XLLCORNER 0 
YLLCORNER 0 
CELLSIZE 100 
NODATA_value -9999 
[rows 20 to 39 of 400, columns 230 to 275 of 400]
32.8397295990482 43.6095126243874 30.7698192695247 36.5353340477499 21.6231389920399 32.3247097733449 37.0741707290087 31.0727612544927 27.2186866024634 46.1854860326781 37.7760012536879 40.784426918388 36.4030018610684 49.9312319847027 40.5590792119393 32.1392408166598 28.7455049981588 20.250621586964 19.312207635529 30.2807330002905 28.7967853501918 20.4375164042353 16.8652590710082 20.5811977608026 22.5430399310877 32.4529887724836 10.6939949959461 24.4415800352972 30.6280211794076 30.4395841823508 41.6091098079232 31.9523775931933 40.1046389149237 29.0933062911004 33.144499126498 38.349884725005 29.5845520040848 27.0803747665186 25.8447603474037 22.4168095866084 28.0377093056773 13.6709131380026 14.9303354933894 11.3690284997972 19.5236121477829 21.0794878098354
29.4922187157346 46.0388362007798 42.7840076451825 29.5730565931226 29.8224557913723 27.0679646388901 43.6210662145667 20.3863702789781 17.9003466281559 34.6692550920826 36.8745482546049 40.7190058934095 41.3516439074207 45.5538742373541 47.0025100117624 37.4696928363274 26.5693763200174 17.2811315959094 27.524050676582 14.9528644718931 20.8495117213342 15.6206754360753 19.2560613688662 20.1870510445657 12.1926076465451 23.8983405458219 24.8984378077149 29.8925394332812 18.3041654397075 22.5578567877718 33.0009510077937 38.6178634814952 35.0764190076077 33.5019687536004 22.6506326251448 30.8258312929487 20.4635844626917 31.3938780943486 19.9814823234607 22.006415718487 20.6356454091659 18.3049497715312 18.7558420274815 17.8406882041896 17.5020897879897 10.8127989060656
39.1530061478642 39.8335912195089 56.4848958636101 35.7906166254882 41.3071127318609 35.61913600883 35.2894615884373 19.9487344883328 23.9120474873033 21.356637876116 32.6473830535668 36.5575680651105 28.9432212615421 32.6974794345402 37.0843343604975 44.8171634743341 27.4753308373484 24.1308192178017 29.59824414783 36.6829754726497 43.7200088157385 17.8280399482683 23.8457979575376 28.603674452644 12.3085299026576 21.8547622023511 17.9362773926958 24.6006508868397 14.8858231484143 27.3615520032432 36.1185938942615 37.7685218059815 38.8131818225819 26.1022746646081 25.0230988976471 26.2655143071789 28.5757251463924 20.4021452748265 40.9572809140535 36.0043602666819 23.9474473403167 19.0710193674147 16.740363909145 22.2275868368481 13.3162170578396 9.71420856654641
52.5614465746081 55.182063465104 40.0555625438624 39.6339541221513 31.9216902780883 44.8446418404203 46.5062500643036 41.6157446264039 40.2186039670071 50.9745413206751 51.589042837112 34.3837404004982 49.2721842273508 29.9228362416219 38.9065804579498 42.9376525989591 38.4264885300047 28.9801758825468 22.3456237280029 29.975581472549 26.7333403450151 23.814296610888 21.1608205552276 25.8635621323121 19.323782431723 19.1554092831538 24.6135438102478 16.2225252002238 16.7009652907218 33.9843031844845 24.9523489348618 36.2047392831882 50.9775421685861 27.8510212861603 21.9987974360193 21.062999506077 21.1823148052349 31.7282643282523 29.3437347789037 27.3375938705514 25.5031897469144 17.6123803492111 26.019178325207 30.4673969613537 15.5447911974954 16.9518153129934
51.4238324838289 35.0984147407805 49.1488682498332 33.9244397198697 27.2091059579233 42.3474072818336 56.3699023075679 46.0556440325192 43.9650797340761 54.2407980824071 51.5287613970764 61.6006500156981 37.5800391927079 28.3726051763488 33.766736043705 28.1577565292512 41.5320573919873 40.1880893094224 31.4137476905625 24.5395291601076 28.3585507535311 27.7762170586724 14.6850839041347 24.2696817883026 20.0060756513347 16.1636649902481 17.2758878416361 18.810028982085 21.725082692563 23.7348745533816 31.4568160323599 42.1002065016602 38.8923625188245 33.22519297507 32.1175486234297 33.475247977888 33.2668782636175 27.1618112677857 23.9595218006315 15.4179066190431 10.5504106284852 18.1816607073881 15.6080674790698 23.8800746409098 22.240169569583 14.0646832039097
31.0207083304752 35.3906002122869 29.7433550279836 39.3070076213755 47.4846724240356 42.8903856656037 42.1774752414039 61.9357485798998 41.345679426092 68.336346368046 64.2882857054339 56.8506377447194 42.5580384557398 43.4217580303471 47.0101887891445 40.5318497574036 42.167485156301 44.9621151437152 27.0724164519236 33.6224402697378 19.8288629073434 20.1862686907266 27.4821358508025 23.6842324961554 17.9332410055008 20.1706833811176 11.1671347948323 18.5884410034515 20.6617604255523 13.9398410969163 37.1913285429465 35.6168423126824 43.2130926297876 39.1929698283312 30.0498528196009 21.5447011293275 18.3674901989191 9.60249642861515 23.7445715253682 10.6959965468504 7.91330273541515 23.2043211927103 24.7665815878856 18.6010194534919 19.689037827113 17.8334780009327
32.5166277153238 38.1734072105811 36.5823198920785 50.1818340890853 40.9975087380474 44.9619647216613 62.8974679513702 59.8329853843056 60.2838082384544 65.8982861945259 56.6228019666497 54.8442570049469 59.6050263866797 36.5200464688358 42.1769470182092 32.4387571511966 36.6298510966665 35.9258015586059 26.9263089258377 30.6677192795431 40.1408637669108 29.239671854395 26.0171313123609 38.6557170699696 25.4918222375712 17.7635466340086 16.2029933860121 17.0571596612524 11.783418861001 18.9900806330676 22.7525284221284 25.507191276032 41.6682641197165 27.4766141481995 26.4900511645404 17.4940219796214 14.4983390634025 16.8636144078985 22.267115981708 24.8033060547076 18.7676299093952 28.7461907401023 16.2069097529293 14.7039096249526 17.5720383852565 17.9382978766985
31.0077384679033 46.0888397612647 43.9164027972412 44.191714140957 38.1320342510636 46.4677856972657 33.3695848526302 51.6074517704272 48.4759544861927 47.2464783027088 42.6360347262428 29.8687862861931 44.4429944531076 28.4585966764694 20.1472914403302 26.2978872796372 36.8884845650417 39.5031156206295 27.8970320296273 29.6238508989657 29.3824927362258 37.2411007992732 29.1627659580914 31.0669026213746 12.0269724330808 24.1434719642307 13.7827478502571 17.4173366703819 16.5676060173854 28.9607635576441 20.7929194872351 32.9314752931822 36.4106000207773 35.3698139448626 29.5121551577293 23.3291276610362 23.6270778998816 21.0955389381653 18.4356904844939 12.9102215434683 21.3676536861016 24.8581441280078 18.6956438453193 21.1216973819485 16.4421501861228 10.7094516991801
38.8832381732748 39.319184862634 40.9777570298307 28.4958480502947 48.7986195659474 31.7220536971295 54.692794323578 52.5460638405523 27.220102619191 42.6483080681024 50.2367380314766 53.0282263802423 30.1522272274437 42.3876038543883 31.9583446445994 29.5082486088719 29.6885275361334 40.9265903397345 26.7855965149766 29.7285995448716 41.1767256141625 31.3795330020082 36.913251155676 23.6341208636836 13.5729672798064 16.1840720114188 20.9792645908634 19.6144172313735 19.9366313763183 25.796393665148 16.4408873315913 19.1235106259792 29.6813891924708 31.6469469230891 19.3632199628352 27.2789717305069 23.6805052518012 16.9247062962757 22.5757928767078 17.2326113060816 22.3486360808804 17.126153835879 15.1073375039026 30.7669333121017 15.7370503401525 12.6372794011524
36.0279330162269 31.7246834459515 31.6847311837554 35.331981290013 48.9261453391587 33.381280094343 38.1472674974022 44.6474131239791 50.1639697087505 46.9345181679863 40.4138385097596 32.4323753212521 43.0973299206877 30.0670611234771 28.698691471153 26.5822195868145 30.7874482841499 44.7969019588334 41.5180727728576 34.6918990940828 20.7686756018741 27.780220265609 32.0957505363398 25.5104599304373 16.2590589213233 21.231768402149 21.261917209935 19.0463777749359 13.5766939544065 20.5687640133236 13.0987120284375 30.792207789926 21.9933316224271 32.8507301735383 29.108670883234 19.7279589308763 28.0985208577155 31.7589183504833 23.678940707339 27.4663350426636 15.6147737133714 12.7039273037819 16.1744804692945 19.4570421276793 16.3137775726632 8.98601474846342
32.014445696513 24.313953061568 33.7449787463005 34.1196048675749 42.8741412093141 40.0217548891996 39.9528763094025 39.6136569798931 41.9815292631422 38.1093926174578 46.2290373901388 52.001738255964 41.9428584397079 42.1228843841829 38.7838528008903 38.7626646319845 34.8073778826959 45.8159660202981 44.296125349344 35.0989200591722 60.7036709941419 40.8977480968198 34.684390045388 28.2490453718571 32.9866789705463 26.0954584389968 19.4527491957678 18.1558388232154 11.8273999769645 18.5672668052568 16.4078858356075 19.0643372931132 19.0786272354692 37.7940638191137 18.7316020130531 34.1678781923593 37.0298210587545 28.3276974004296 27.9198991547537 17.7561766606614 20.9404191110813 24.9169696270316 21.2606324790034 23.7875293877159 15.1820262767961 18.9403840350057
32.2072367113099 33.9989716670441 32.3485771623103 39.6333589620486 45.0148139817908 43.1592843537046 33.5286139628306 41.5512253955104 42.3263307051496 51.9941826184626 35.4455345842089 53.2688722273941 47.9346656410199 21.4739794085157 29.7289194647074 35.7830457336476 37.6449223991277 31.2761981153912 32.7870488874171 31.6229583190754 28.8976342810999 44.7883592020747 34.0294021944755 38.2799929286316 15.3710080494235 17.2374132137932 15.4557815080434 10.0369120290359 10.075054592452 12.5235769140134 17.2322217684119 21.2372693738361 28.2596684682007 36.0747816103046 24.9873033474154 19.4044095423419 27.0206299760788 31.0539629564649 22.0488692213184 25.3589713257025 16.5334232151235 23.797117000622 14.8668616511761 20.2372674651153 17.8024529265741 10.9701439157431
21.6205175800649 25.5609394284774 29.47717173334 28.3629887538787 27.3985675064337 43.7760576427736 38.3694570749959 56.4226521452708 46.6220215083753 30.27084558833 50.0961798937705 49.9973113535455 48.6858132486404 27.7395164865615 35.0835765378458 37.99358218766 30.1142230971031 31.6485190072269 35.7742002163079 41.3219043834909 37.6206599863617 34.3684807436327 27.8097348738298 21.740368991004 26.1909403023853 11.9760273292534 16.9145154053198 17.234483239891 14.056454305845 19.767511719611 25.13389815599 26.9764498323929 23.1978530066091 38.1256233919243 32.4664002286879 29.4576395601941 24.8605025697248 27.8714105940377 17.8772639865252 28.536999332745 22.4847095387381 23.3660913877239 18.6151515399946 21.3769098918362 13.9827185981525 18.0115515815562
23.559737186272 25.0486841911859 19.1801449704331 42.2198458792356 30.4819811846521 44.5279568166308 38.0224067761599 36.1635945180228 44.4282287312617 53.2291597661634 43.7650017684631 52.3268876543821 56.1194031860587 48.0073798773206 25.0217611813801 44.2169298822555 31.3447329228673 40.6578300060933 38.5757653138834 30.0178869387793 30.1834506392755 17.2981186763098 21.1205749356502 29.2214638619965 24.4354586264708 30.4326998234875 14.7085604807211 25.9317679771956 18.1056869590316 22.5413111980175 20.9491554371157 31.5250672130924 30.4091652272314 41.2187929547184 28.8098894354898 23.7904673728635 22.7418867651117 19.2147687672469 24.6605263260822 14.7524247653805 23.0831659705499 25.9102535525246 18.2135034366446 17.8134514485302 19.7474113593946 27.9313096308543
21.5583805057554 23.2943171387963 18.8370406365091 30.5139245344658 38.1389014661417 47.1238610462968 31.3572202977927 42.7693385768174 69.5715349166853 49.3346815255559 56.2819000704438 43.5044247013581 51.0588945905611 44.1484786833772 42.3738394484378 39.592641860883 41.6752455955921 35.7830074916334 35.553088908646 29.7319815417246 21.4795823476896 29.1860822290362 33.2763120960403 32.2831082035468 32.7667143895003 19.8971310093028 18.7944236860795 28.2301172102656 19.7183584403213 34.8910443349303 23.5785794119253 16.5630316094239 27.0758208978485 24.8827048292746 28.9077651900865 41.3904495885492 20.8054647452871 31.9862887983112 40.8512706846053 28.8697794068861 29.155731121074 30.4603991795966 25.5242753944845 30.4300407739458 17.1016181226063 20.7311589085177
17.3834508784138 22.503699387198 21.3110309844539 39.8961441638742 41.6070571581216 36.7917292162516 46.2085033745539 53.7323437009794 46.8292638649134 53.8757336706469 58.6144357610676 61.0607757077192 54.5563094617926 47.7510791139701 52.300568510235 40.2356891597264 52.9532156793749 42.0820713147133 26.369278643806 19.8420702795154 37.3801949562782 23.0563160134811 16.505421158056 18.8096944461255 15.2563411164589 15.3274179914226 15.3581317818031 22.8386707190181 26.4334179040671 23.9767320564231 25.5740858085673 27.5685312508077 30.7572631415976 30.6960952056294 25.6734396405664 20.1221288342666 32.961733448996 31.2559780492694 33.0102067936611 27.7434958830097 32.3642428915567 27.5932965792482 17.5028503796995 37.1685491213832 38.9802923342415 24.9373504187031
24.9606794926884 23.0130470923597 32.7391097294735 36.0709453817262 37.8966007191794 27.9538157538238 39.8807263882314 37.7013996962466 42.2111975561978 47.8119283233315 55.2480577334847 57.148881125088 57.9667226494127 45.8170801770316 46.5292281359451 42.1809747558436 36.6674527030745 38.2002502849584 31.0853414163659 41.1432777031349 34.775540602777 24.8152750297825 30.6381025409237 18.7959252515793 19.1397692191427 21.5688553663039 15.7403854015187 31.3922348357996 28.5227988540469 23.5293837369791 33.1660932084418 23.6033613829811 32.431088476099 29.9304473629681 28.8256065826749 22.2894893157913 31.0944329965806 24.9056782422919 24.6540547289742 31.1991521965065 32.3156670895629 33.9536308289345 45.2438982455631 35.5408115912002 35.8405377435038 36.5726524544739
29.1642438636343 25.0191010696745 18.9447824179841 23.0813539004922 26.0438912019714 35.2220581470212 38.3671590439656 30.1881762266528 36.0397725134976 47.3476523037935 48.7224782774367 57.78473705972 50.8576706235961 33.1246841768853 45.7352210936679 43.5185862761068 47.8874146011097 39.276555078636 40.8976554562421 47.4500366883175 35.4655207306451 30.1456056551379 19.9902501588356 16.3641611344704 18.2758702526612 19.1919713814815 20.3982898489338 23.7063506118929 39.5932340920707 27.0332017649383 45.3137679665664 25.7940194189758 20.6316415182029 30.9955716475232 30.8350620724744 24.3807343056227 21.9075865455829 15.5797971214678 36.2043976618043 31.4785937734454 31.5818109217322 39.9289292201825 43.0587802779863 48.5642745879709 48.8226282132305 32.2404331893192
22.3066094215798 31.3167684519294 19.9979911491607 30.2119186608862 25.8751041800515 24.3122170244302 40.5723545474936 39.5247907830262 45.3968217856222 41.3972500639267 50.2220133774965 34.911089998586 50.9713320272329 56.9835664129299 53.8023843114201 23.2862479623952 32.9543791442213 42.3632194240028 40.8710369394156 24.9499997552367 31.2689014004299 19.0400179691314 23.1096883370883 19.9458915879289 15.8584305971044 15.0294044712556 14.6359862206144 25.8681758132945 25.2907654429323 25.3196897413797 32.0811394392373 31.1795005856976 30.9610614661332 27.7825223809701 38.1050785530589 18.9785924782135 16.6481111686313 31.766366883617 24.9008096953953 40.9821301159006 41.2782767508721 50.6456374554965 26.4922627269025 39.2082645656748 29.7564664232644 47.1813183670037
25.3866916526859 27.153833137748 18.9570444130724 19.5283273331506 25.1898900619107 24.0837495630263 26.1592141084444 32.3270877487503 47.6650395569288 40.9095123954399 40.8890610716687 38.4774191550094 40.0422168730615 47.2964599575887 24.9195666502744 26.5770304217327 38.200811905987 35.1907983908647 28.1984821607382 27.5278019537277 29.0302693221623 18.0393290470759 13.8840473651077 13.9756860323242 17.9209244656335 26.6654931927794 14.9070044112292 21.9482635479887 18.7697726694321 14.6885760636728 24.4047128926078 19.9403719664002 23.9995578488922 27.3980989146012 24.8817224030872 22.3163713085256 32.681258876324 27.5698129958875 47.4459997288021 43.3270012797846 45.8467088780959 50.4313639243316 42.1144404275431 41.1218954999658 47.4724629497949 50.0468693923343
