cellular-automata/suitability.asc
NCOLS 400 
NROWS 400 
XLLCORNER 0 
YLLCORNER 0 
CELLSIZE 100 
NODATA_value -9999 
[rows 140 to 159 of 400, columns 276 to 321 of 400]
57.4752628213238 69.5857697668449 58.3408814632653 64.4381708075009 71.3305738132362 51.547223712428 81.3339554537541 76.0464008166495 70.6296531386471 64.2431085702435 76.6694300896712 69.4139156952221 79.8263886576875 68.2081800606461 54.331777732915 54.1297239854649 52.4978263035614 43.9462743761372 55.0386352336379 43.6017257381339 58.1847806375156 57.904083512193 36.3681222749138 49.6799604382519 32.6097470262154 47.6057025074036 57.3316885796145 60.0692439745373 64.3788462438984 57.2385841758117 40.7331697473567 54.0423621441189 49.3402207431041 63.3992110313454 68.0840440663924 55.7727133540586 42.5856233252338 44.3182700038245 40.4505576986469 45.9393136755428 56.3473690152603 41.2529105010237 33.0890407084256 45.9562740361766 28.968757651652 42.5596423555583
73.8347242231289 50.4621572265272 67.9362852240148 65.4698378179201 73.7158874683634 74.803677399051 68.2880069787512 76.4908072335695 61.5120068593216 80.0983021745412 65.9608471885854 78.2617013702857 73.2455575400973 56.8811550866851 77.3320642483686 36.8021466465486 56.7396771727595 42.7086271641212 48.6376747437955 36.1583017046456 43.0174496075667 55.276923092293 46.2722548458432 41.5826495978641 42.943994081018 52.1062801496524 39.0624664211409 60.5701421489179 55.339109731065 51.086378548151 50.1029134521696 55.3470688373297 47.3836637386799 56.2130529474831 57.3080091271355 57.0489546611557 64.7512803087918 60.5781515039781 47.2738754541004 51.5828377782756 49.5248098585641 42.4941981223711 45.6569165833349 31.0328675856395 30.9316615956834 45.8778080534221
59.4193619336323 67.2893102813838 66.1589554956433 61.9347897312927 81.3804547629483 54.3561857473649 84.6143672446164 71.4071627310501 58.0021817623666 49.43525324497 75.0686230387593 76.3815636539205 66.2123421047009 56.9049276277208 76.2567400895531 56.3791753811443 48.0744503007224 49.4534103479719 40.9823837265784 24.9007892716673 48.6091214647586 52.5155597142747 59.5030559739263 32.745138767793 33.9724839383422 42.3824239909459 40.6662549043978 59.3893068171249 60.7485256382443 44.2689017419286 44.6636417295649 46.4869153575307 44.3562386524477 63.1255771769174 69.4024066536078 44.0634630718993 49.9446410330192 45.0764813696115 36.6937723170859 51.1601376419515 47.0246700020854 36.4828727639399 37.6034918610978 44.2343621687043 37.9965435025565 32.4404377980544
61.505172733435 60.4205549078813 47.1022688686755 52.4277234947938 77.6425198788455 61.2750991497674 69.5334596306097 62.3133168720113 65.4447796875426 53.2104624097862 64.9020818176109 62.8730396175682 47.136538983136 68.2221493108809 69.8999781990209 58.7824725411383 48.4755174334746 56.2454364458055 40.88125925846 55.1460353968313 47.9611116968878 48.1732185733948 57.6292831930655 58.8779864645015 54.6058166310567 64.0373635916569 58.3665849254156 54.3111501423715 62.5498896305893 56.5276648841149 69.2458722639959 48.5001654322503 58.9886049585516 43.8156267941312 42.3854327079703 63.023987814892 49.5225741654009 46.5379385959806 54.0263324612499 45.8085484228032 45.7341067281033 53.039899535421 56.7000767206434 52.928906197536 41.4824327803317 50.9890193499719
52.8395478979737 65.874885205527 67.4423237776109 72.9950390466521 47.1502792871804 62.9118314006194 54.6313744705177 64.1993927399176 55.7241075151382 59.4832048727797 63.3711923426066 68.9461875072144 65.8276026038 65.0689262061002 58.0006978968711 53.2571855629964 53.8984372924118 54.3253571238666 51.5926333131827 50.9530801563907 60.8208702799763 54.205719536245 55.7249425028099 55.8335479175897 71.0227690760667 79.1241884213379 69.9261464011499 52.7123672545351 62.144371404598 52.5807225583963 57.2158093258973 50.4574135757977 47.7813525352413 52.9035592019862 60.6367484430237 58.4428665317937 53.3337655670578 52.2319756717043 57.099354680925 52.0699225789837 51.1842948151557 51.2290399428215 47.0653161400704 56.9249307300868 53.2340752316272 50.0135491959421
60.2954487012204 47.3409428784873 49.2355109520215 52.1853126067782 41.5392407075752 46.3131051609379 48.9834759288161 71.9910514950297 54.9695645899319 49.9116457698603 47.6016700683242 62.897880527623 46.0937936709455 65.2828104713066 54.3408874079429 75.8091067981326 60.7821641841233 50.3582565473041 52.0489582190599 44.2581043305868 63.932376188225 45.4152968660525 56.6868166155746 54.4806018997724 69.8776854905477 57.2381924073941 68.1459391796588 67.4582396733423 58.7322928849458 43.2392683068746 35.4656260989493 45.4327162875295 65.6816817570835 56.8667209074901 46.8041585222863 46.1862172809044 53.8449617306748 36.2644171651873 61.5605901385213 52.0805849697357 47.7838747103425 48.7413197951249 40.2467402564774 38.7673696569572 50.9031268380731 43.5936723614762
62.8542648727355 56.2692210697817 55.4547602619611 36.4625940396794 42.4370588610013 58.7676223269591 60.3680206536007 65.7924529207825 51.8463327987859 60.3037765423442 49.9513568929931 57.6358711966434 57.6570175771835 67.1164448388109 61.0926081689247 58.4793901599367 72.1795401428658 63.3815727900206 60.4199659563027 63.4287657369395 54.3005903181957 60.7354105294655 61.126038439708 77.3836101325342 67.6936161724343 59.7351232920262 53.5252609212255 70.5801101114167 51.9574774088695 51.9457053832636 40.6568861955606 46.4794506255255 67.2645991118298 54.8264911861871 57.8496783110041 51.5419565972035 53.1170454212868 51.1005120725054 47.0756314964095 55.1594694675941 47.3654935091957 44.4753166995022 45.1706189270893 49.8311801594921 52.0032196877462 56.1125018316809
46.9375149439841 50.6746141394488 62.0449860590116 63.476550304316 66.4360803219229 59.1255839924088 69.053036862265 48.9802022066946 47.5405507775086 55.8677428475169 51.0398235209934 49.0491082437826 59.010395505751 57.1363574378092 70.5167740582465 57.6564556313669 75.1944157615615 65.464580854774 64.717576419764 47.1135882270811 58.235660557129 62.7047835973587 60.8950547449838 58.365067802806 47.8622670496497 56.8010417808561 63.0933494910424 58.1877479895809 59.3206510997905 48.1441885681739 44.8459564914023 54.4448245975493 48.4380211887615 34.6135417677847 45.5327995510888 39.0680200754213 36.2723730504501 54.7251132285878 46.5583429600804 51.1165136585001 46.204056242723 46.9525627377179 49.4017912296302 49.4559517150364 41.882578508019 48.4859662018826
56.7189103563454 51.8911746837499 62.2475253375818 47.2184948807972 56.5477428561718 58.7258469767663 45.3758603784166 42.4358961326877 37.5906909429315 35.9993355364598 41.5147945904841 43.759049753468 66.1519231444149 50.8838990225553 61.0587800533587 76.145713409424 65.256151018127 66.9839043396768 58.1265987707142 51.9264244868872 58.1512209797467 45.9978337117754 53.4981335640304 54.5752213951435 46.9823366026535 44.3025423800041 61.9957610562559 48.3646741821495 55.9005617339928 50.7567814241822 41.1953538944446 48.5163327436128 32.5124703364905 39.1471944733021 41.8882092205731 36.2581495614903 46.8330369190119 37.0783962322654 38.297172304092 46.1339058841974 47.9138817477203 44.6774216491134 59.9252879127699 48.258491289521 39.914754221703 51.7692884565849
51.8695824209623 44.6630414381157 56.9819121573006 48.9767578975335 52.2737339565107 46.4900258305473 50.7664735485531 31.7860132397073 43.2363011718575 43.3560317382691 63.3807479308008 54.1013008504241 51.3166069582922 54.5816861325443 53.4799291715648 74.5653031424625 65.0725364198441 60.4057048004331 65.9730218840073 53.2873495421795 67.7239780615878 68.3981104027801 67.7342716462018 50.7767553753318 41.7888223561104 63.6880831599197 45.5534556666404 54.7781109719786 58.0120403218623 49.723749255237 44.36731782213 34.8288957732145 48.4410258139574 38.2574354796288 37.4698359690869 40.4087686886773 46.2528160807036 45.6746675558182 44.2625808710075 46.5421595148836 47.6379815379409 39.9236738132991 41.6760629529176 56.5671219507276 59.5213169512099 54.781544490633
61.9342055535174 65.3015476145767 66.1229616661516 52.6377904236052 57.9535765847329 40.162084998111 47.9994103744084 44.5957841680894 41.0711838866177 46.0697729571174 45.058876792248 47.5920385426668 56.8312553570675 69.1013827941935 58.2962359827761 50.9052679688233 54.7681588380765 65.3710106481422 47.5067747447694 53.7874913282457 52.7524989926136 64.2719745532368 66.1731564041766 80.3943575733126 65.3934712740874 50.2255164465919 56.4478944854652 53.9400683430073 47.5937723127244 50.6863360074142 47.3377389096009 46.2443407756221 45.0166264056088 37.9959435643135 37.4236165070631 46.7261529663451 55.6230986573375 39.5999370379352 57.5680364426448 54.151423410376 41.0000368675676 47.833177634354 45.3194041061338 50.9420991958232 61.1689967125552 61.1106784979981
68.2960522039149 60.6109847113836 54.9155931547251 57.4040720728802 49.3198866837198 39.2568835684952 45.907439064605 54.1420793543184 53.4860979102047 43.1514568294748 35.6835572290703 42.6505966514873 56.3935764064396 69.2427106154243 60.1771456719798 54.4352260269517 59.3344037426589 60.5016269428345 56.1206508417152 66.340156781873 38.0445059611728 62.9519999898309 49.5522032318928 50.3614813301698 73.4535882348104 65.1896046020454 53.0841964323866 61.182139115028 51.3925497260105 43.2948458228087 40.7798386161951 56.4634846683304 50.7459823895906 50.2273750564049 44.3094376496798 47.6609013106399 39.8080263388107 39.0353627817832 57.1781161862511 56.6730139454371 52.5972217526203 61.0797387990509 56.7262763423743 56.5821046577148 63.7589576351329 47.7835555558254
66.1894700161916 51.1984818211269 49.4020175244515 60.0296383441337 42.3358893010455 33.9969167376195 52.8497549720557 29.3685660185614 42.8230042984242 47.246969168032 34.7474354209449 56.138209446133 55.1023058450344 52.4758762803677 65.3393635135614 63.5307140038025 57.6635275599973 54.9477109589161 69.795349621259 62.3685987647794 66.5052602804689 52.724726500814 50.7843974974252 62.1552013218945 78.3217395723575 59.0529058346241 54.9975902866693 61.9582029950995 53.113321938863 57.3535070015593 52.8800833861776 52.8903434911497 49.384696895583 44.1362458694487 40.8567361467904 33.3741534580586 60.3270275247251 41.8490721054007 62.4178654662367 59.643011389067 49.1323260672731 47.4315760249216 71.0375540027806 64.6762540002952 65.9138459368757 64.1457651116046
50.4557775443429 44.021350534418 45.6937130569621 42.0914300294204 54.2739788096872 48.2089695036316 33.3456586001664 41.4816010606904 61.8611538039195 49.1934210656829 56.4289876798714 63.4908095240862 56.1679123075252 57.3959103373616 63.9011520512231 70.2524054404356 76.2758092922248 59.3538280882659 67.1013378313918 58.7132485700229 60.5002647606545 57.18097375444 68.2288866179789 64.2593739540882 52.0443566039714 61.4711437362643 68.5691112929669 49.2024863161225 64.0461355435246 50.5993896179885 46.1140528222216 54.5406698390342 44.9729745080037 47.8852538481466 43.7009499409019 38.9423895455542 49.1475705320067 62.1043807780824 63.1107549756263 76.2464500264332 73.2824785526571 62.4491591804876 71.0165627040598 77.0594084951645 54.1429977074899 43.8828697624227
46.6061810925654 62.8390655890323 68.4294207799985 68.5411341753403 40.8836060227296 54.5987042021687 55.7492860548159 54.6456455009171 57.9819218811307 66.2760307334926 66.5083668126822 63.211706436368 69.7255289885381 65.7462171776105 64.5219741639964 82.0918749452434 82.3010508459685 61.0804302104678 65.9554892957282 51.8016898996619 72.6435349570804 69.5481231209249 61.5904107373181 66.328208485623 65.2849849265838 66.4267758248231 69.7195637913266 66.7992641851354 58.9097051069112 77.5332365869405 78.4263865598654 51.0102543595871 38.7654502026853 38.1499071929223 36.3644570338872 53.7050535235027 51.0259486384063 53.6585831264937 73.5013596250854 68.6308730214528 69.3902364673405 68.5801965608631 69.8399251740448 72.8670892018296 61.3498311850668 52.0365526373467
65.0523269226336 38.0884081583665 47.9286724691748 70.0157859393328 67.1695834554098 58.0175115237215 67.8170224483566 70.2956965026845 75.2704909131986 75.5912308341647 69.9725460015473 66.7875777144104 63.0627950674322 72.8046549597041 69.0049016331918 70.4922657850025 60.4063058278879 79.2469955853389 79.2529028040335 67.614789309677 79.0739522145443 70.387291391752 62.3740034739105 68.3215397389585 55.7300304253029 62.7205186151835 64.4025586353275 70.1304532657595 63.3775230255071 66.1583854145885 66.1928294181077 39.1157094700138 49.7477782880663 38.060713496626 40.1721979880876 46.7646978911594 53.4530331485872 63.624761547891 59.8590708836414 59.2357512396104 60.1392100812797 61.7908563290995 78.0134905718434 73.748929933859 67.9136033374731 68.1501128702958
61.0105938708412 53.0930524089416 37.9922424394617 65.7155108443678 65.8175942634518 76.6968225977915 59.7286492802458 80.0815850825924 65.5367526540016 63.2789127694675 77.2720575324352 76.1560424903532 66.9554692087835 69.6289752177194 66.1845572934658 67.8145965183098 66.3247496537037 64.0865612853455 69.3824790976529 72.8649649368399 69.4667695980704 73.0132603592598 69.676650963612 67.6914897970653 50.2226141749298 71.5223114381196 72.7633929965947 70.9511786626288 65.1756624071963 70.2991108360994 61.8752760270941 55.1197074973071 55.5094498057912 40.4225249167457 28.8622865306771 29.5979204321114 50.620892946913 50.8526109016588 56.9788587387416 73.5538214870461 68.9291509608667 54.6648851929874 79.3750885892511 76.0188537748081 67.6864147647499 60.4341596822433
58.9062059581318 51.7245724404667 62.1590741142826 63.4381232040257 61.4896274504252 73.5000007255437 71.0844773820989 78.4813913509803 68.2573343996253 65.9604400326473 72.006291610091 77.3849502647147 66.7473098389888 69.1760250880607 70.4255470530878 49.2084397573425 66.671577617283 72.0445575444774 75.5000981369472 73.2941525147956 73.180502317522 61.2523646522372 65.3108365076384 60.7647540060871 68.5085015258352 64.65941738576 69.0406160618378 69.7977958133454 71.6168980252574 55.8567801043999 66.9514499548001 54.1889393162978 65.8321496063971 51.8003370508251 23.164299887302 38.6406512535904 39.2555892980283 42.0649526899361 56.730051586979 59.5299670013422 50.993334448113 69.9748314268045 70.674361713881 63.958086475659 53.3898340383076 54.3675979185751
36.2368376120996 60.7483080320874 55.5287682038766 62.5648138130201 66.9812902396192 72.7647510792978 74.0034659787106 76.595823727123 81.1423839471644 75.4167674710209 88.8834437017145 57.8219534540131 77.6566580942404 68.791679571936 74.5322380796351 58.4565523591431 70.1064682349201 69.7373370290591 62.2390856831594 60.2835966644413 63.9227195271161 65.2334311943366 60.0540900316087 62.0301429957227 56.5207610526905 77.068649556563 74.3635615800826 66.0841709868071 70.3887104137802 60.0253803584613 56.334731446676 49.1037364307504 43.2476625495813 48.113158697364 36.1221534698166 30.6518795344786 23.0798714797789 39.5280358543823 50.9541716497333 40.9580403955495 62.9450827823505 68.4512676360898 75.718452510299 69.1161566471763 67.2917716251451 71.8899056144087
51.4872219877963 53.7723821827548 60.9987199390127 69.6816616244581 56.9304151257345 82.2392109791814 70.8058399103962 76.4522430987645 80.1649299506848 72.8207245870819 86.3209573230058 71.0015578668157 59.2670901414029 67.8103965730665 59.4895884760179 56.11958006426 76.7069938636262 74.1692208978652 66.694987245191 73.3899172541383 57.8053520625907 72.1475506284448 69.7365874863927 81.6455082624176 67.584231737665 59.0570150725583 76.3600366266196 69.2919151218015 61.1637933117468 46.6052224126359 54.5888394469713 53.0016913321668 56.0137185752777 38.151791097792 28.2556733139021 37.1532521955289 29.7697182830051 43.2852019312778 42.4448677315605 43.8325264844131 56.7604798523626 55.0256287545286 55.0685976220688 54.2341190064674 62.7812786705761 69.8947017605475
