cellular-automata/suitability.asc
NCOLS 400 
NROWS 400 
XLLCORNER 0 
YLLCORNER 0 
CELLSIZE 100 
NODATA_value -9999 
[rows 100 to 119 of 400, columns 46 to 91 of 400]
68.7353809743237 72.8313628733397 57.9201378914275 60.730505935451 67.1965896706828 66.4825803412303 63.7404665676321 51.220593217524 40.698320810471 37.9140967197948 37.0780225322524 34.7303097854962 37.5043645948281 44.2465136781879 47.0274555109482 59.4780474306099 58.8229755505036 57.1124285700026 50.7055307404747 38.9113173125062 41.8501312454768 45.6549075552835 39.741541794381 62.6655741482015 38.2351850598967 49.7623467979474 49.529581683357 39.4499382167515 36.0657144537354 41.9724881227543 46.6454812592307 42.1911564692385 44.2905567561028 48.363475953219 50.1049325895416 49.4540980592503 41.503109857329 56.7071620254923 52.0738235902517 54.9785807064105 54.8521623048793 53.8394250710991 55.6390401717295 54.8333551689374 54.8592027535252 64.021785717822
65.187021125125 54.4746585734716 68.9285571978911 38.9411924918374 52.7236481472943 56.0359340872384 52.2545268380203 44.672692220432 43.8890278613706 31.8109829385126 39.0109460390956 34.748988794597 46.5155077858493 48.0334425558789 45.7052191073294 40.5798322838858 59.4492995520644 46.0960208139971 49.9835959560521 37.6289260419678 47.3009290121846 47.601063543883 42.4945640483166 56.5003043200473 42.0570590746564 52.5481506255712 44.4779901762076 42.6595221480684 40.3567273528401 36.8943975654895 31.8822124896806 34.5577606651645 46.220811742077 38.9692012443936 38.9206513463596 51.0286430673741 62.9794740140059 54.9543477292453 63.3189459947948 57.8007158483998 63.0585578872537 67.5003114340822 47.484098336343 77.024599219603 72.0750184402505 66.0691854072231
62.893470528581 62.794544154753 71.4724477200259 63.6514016758085 55.9497096516645 58.5718146370267 50.3983858247362 47.7360729504962 30.1157377907678 28.2067535013054 37.0355831831229 43.0526497159429 50.0663963529701 39.8277843026373 57.3124296508214 52.9686696054817 35.7237543085014 40.1756063852297 56.3638097271925 45.1281099584427 48.4313999636275 64.0555055654079 41.6699171854121 46.3532490898235 50.9812261749643 44.0005261393738 46.0601191318146 46.8435990064321 43.0373067137127 33.9475883275416 39.8291421489972 47.7723209258815 47.2260608307175 64.7447976348846 50.9466008502724 45.9567789789987 69.2843878840011 62.9489695941496 58.8257965853601 57.7625457863098 50.3812714780905 67.0736300025393 77.3820214539952 66.4327658264967 82.1961503747331 71.8579589920013
53.8271573703855 48.633667294549 52.0112828278408 64.0004665408706 54.9634946417507 46.248036855201 49.5011170293507 40.3507565446083 45.8350641436227 43.8673010204465 35.9176176560504 30.4641455937627 43.59919362344 45.1775127814233 49.5086182848204 41.7262215203278 42.3502485044392 35.7002528281413 42.4418695367293 53.9856402036151 53.7190662193273 46.973477008168 61.6944019170373 68.2643257434566 38.8659901392949 60.7017218023368 56.1464902959889 56.0117387878303 64.1065090740647 48.5557759495608 52.5340614954249 30.5114571859824 52.6455024718116 60.0085164260161 56.2516433693802 37.6291346318999 50.9963331035149 59.3967428610121 53.0952859731863 63.2219708425953 65.0527430759678 82.2460808949466 71.1476382376294 71.3926231749069 91.0318129007696 90.7716387457112
62.372780206506 45.9630307933976 34.9034747612224 52.2662653753173 64.0679818855241 63.8523888189597 50.2703307225354 41.6116187685534 45.2337196588123 40.6795915476442 26.9854693642316 33.9337164197818 34.1408883144938 42.8195304575771 37.6073929441851 47.016265201445 56.2428252440048 46.4163790290363 41.3004835706828 51.1803301950851 39.5679067676079 52.9388861219301 43.2700935344519 50.8150516479883 53.6647665864103 59.1067679149153 57.7955092760027 44.1974948380789 53.6865864799213 72.7180742112753 46.6465376032667 41.111032107447 44.3104597214594 67.4918806677258 47.0215863917568 57.440423037466 48.0686634163797 62.4087750789127 42.8190393768084 62.3794035056841 75.0038873412499 84.3687805293647 79.2235916297974 67.2844917048186 83.9413728449285 76.4646695555889
56.7503489222159 55.982901824361 48.0313380693844 72.1215558359247 57.3624508531031 48.911553896312 51.4884261769098 61.3931666559221 47.1354206036664 33.9256649981983 61.337914231198 32.5276955748328 31.7473228940859 41.7315717418907 40.5250054290807 41.7829247356651 34.3026921010044 40.5346494877001 46.9663468581163 41.8892870283792 40.781597408601 49.6696759001979 59.3538628551024 45.8926309010691 61.9613989091068 60.5591835623712 58.7605850328389 52.225515862186 42.2316826093189 49.3996327510701 36.6483082039562 53.2710407258951 52.7193538884072 42.3544283525342 67.2281159150098 51.7270422336448 49.894898443003 59.5573800984634 50.0658454039507 62.7401050413635 76.2594817034692 82.940058442633 73.9042889510869 72.5522044912576 82.110295080435 82.3893776862114
51.3184144054111 57.3167137300735 59.2114474094445 45.4057717790272 45.602064737745 55.4336925843672 69.8118782619473 45.1984373350908 54.4732524530487 44.9154748053362 39.6407653999149 42.6772968368578 37.7968981774462 35.7475401314188 36.4359231107057 22.1372020915658 36.0075303790354 35.0995928131635 44.657637893021 50.4603948754005 42.7334836706458 60.1519440664108 44.7616758173512 54.1351511239545 48.5346653233105 46.9762060008556 53.3078643664025 53.8135866625244 54.4839654556551 46.404247751833 49.1648111130696 59.6254688759676 56.5621737846105 53.9747377711477 51.2888259366655 40.0758889475876 66.7521412838695 56.3750390235253 56.4133986987457 62.2181887881534 71.9004734090516 71.2887253471487 87.8089732502298 84.6863019969182 83.1390933722053 74.0195701912384
56.4878730191726 54.4443419076854 48.6923937837495 37.9576995588733 46.6836724514563 65.9816647448593 56.0849398152493 59.3535820999125 56.9423820247969 48.40930494194 43.0937831568112 30.87905474473 35.0466492679792 35.8239385556446 36.4581669859916 27.1304998268852 36.8338437134141 37.3490838181953 58.3192755754592 58.9665745876637 59.6243156824232 55.7425301701744 54.5878950803656 73.0513450116826 70.2912761082649 57.1314909173894 55.8121952246825 63.6811953033772 44.3427717312495 55.9861591911861 42.3909203705914 42.6620853548509 55.1745975586282 50.1018780169503 56.9407844379548 64.0814263803381 57.0618234851311 61.150046240058 64.3635587467588 63.6831695098333 67.3193449628045 61.6430823847488 77.1532034517687 78.3139607721199 73.4333691092893 64.316646097986
36.6075681409469 38.8585791274242 40.643336527625 48.9819443489015 38.5156553543311 41.0780129199264 47.6059593625967 55.0806220119866 57.4245017286952 55.317263906007 45.6482527258962 45.2576030221368 37.9108670670002 33.8383550765718 31.0260659892923 44.4070012432854 38.2594391451634 50.5993099957935 54.036652051105 50.5500091174469 59.718134427359 64.7319717917923 68.8312744426723 67.189209693547 66.4517980266187 53.8135687422255 64.1578058009654 57.6336643734928 59.3078141593532 50.5430388524936 70.0166939136891 56.313795765781 57.8493796146549 74.6132879063303 68.749375433937 62.6989061351851 68.8507746193111 69.3651721262128 60.1244795789387 61.2986744914067 68.2646881807629 80.587256625209 85.2516687456735 81.2794997337587 75.1953295637526 80.0194675661677
46.03219624491 36.9375040545493 34.2754900737763 47.1038425578134 47.8150997310715 48.5147068928741 42.8587462175823 50.6349850685519 44.2908639200213 47.3498137073084 36.3150687306473 37.6389921709153 39.0534109781547 32.7220289059106 31.4196000854859 30.6825967298034 37.6961152359484 30.1610038871715 44.7272905240513 57.0921302748517 66.4403283280927 53.6727949257066 64.6919975955647 75.9976930510388 69.9341328255795 59.5608726027702 47.2209140627029 59.0182950546912 56.5211581763329 70.2023647595683 61.0437384811321 68.0741418316632 69.5744344550492 70.9539792244996 74.4658490638513 54.6824254212281 75.1847147920853 69.1709639841063 71.2675873712352 70.2916746072256 81.1705004053075 84.0118791576803 87.2011564554448 73.0396418567155 77.4556373746606 81.1215502549847
51.6014592143234 40.0119109374449 32.8004046780745 64.5563676630253 56.9441999288126 58.7458818313232 62.9626358948768 59.5455697949917 37.5105286699681 53.762911872625 43.4794716790239 53.5820829407389 39.9562834975527 38.1928663718695 46.0749541646301 43.9736782265461 53.550833140468 46.5045702742596 59.7937147519041 67.5976168806607 76.425175700995 74.2538218877269 75.7425031849498 62.5495081230354 79.3224727045692 56.4614953901044 71.4319134346688 60.3334479285833 64.1102981572133 63.2568913350703 68.6508259738151 78.609813417474 68.4185236419479 63.7000394759965 70.0782559549868 70.0326856342476 77.6109731990378 79.320729625543 74.6381994549105 80.4662735663713 79.5004257228741 74.8872429176797 68.1742376279531 77.8433842611502 74.6176512197351 78.7830006009235
33.3785736703628 49.5187517834081 44.434451285467 60.1357588322731 52.1549915959369 44.223232772067 52.1931709353111 52.1113026213076 43.6646925150393 47.2398712561246 44.1565150959155 39.3892715810163 43.5393890764921 47.1046438180033 40.6766219456992 51.7699886727294 46.1771107276835 58.2350798148956 58.1070258121486 57.8726135512587 67.3454516383378 78.9835850556144 66.9505867659711 80.5104784404403 60.3341459303609 69.8408997261275 74.8011807726521 50.2622678470239 69.2922012396148 76.8644874230309 70.6050260545925 64.9496490739669 76.5441360461017 77.0216721553714 69.8721838882308 85.3905795555086 77.018985691102 76.7162883976955 80.2524878358791 78.9486770660539 71.4438661681263 71.993504227215 74.012361894567 88.1405806169094 74.0509868775999 71.5495634149508
37.2659842343564 39.6610991236659 58.0413331915494 55.9614820588029 72.090608494373 46.2270156208316 47.2233506131707 56.0604790989918 49.6336966493108 51.5960449826252 51.8501510221997 48.6370892109077 48.0703160890784 51.3200600641343 57.7555244127942 48.5758766870796 63.7552933904516 48.4779338584117 55.7312369137241 58.1570196024902 43.4925543616122 73.0477181211653 58.4603348344545 58.5061926131377 71.2370461128532 63.081051342529 69.4791086837647 67.4160578434334 64.5689713365281 54.2489756739693 82.2769361353904 85.1008460256514 68.190650138334 69.7898859531634 70.1274431390884 79.3829175390087 83.5389845496264 72.0875962129771 79.3929827051615 83.9334032415887 83.9933795028879 79.3876783317611 77.3118469813866 89.3266009356879 69.3195971896311 85.2863539916729
40.2718691650205 53.733583982272 57.5758997658938 62.5978482290764 57.3785236906777 58.8312185041011 44.8878104030506 48.5591174795467 59.1612897814755 42.7876703577546 50.5856419978417 51.6126358012146 64.1753898222826 51.5824886292189 38.4097812057836 65.1517491981219 60.9524655049275 59.2117979156677 58.1504585493639 68.146072746624 72.8880268921011 59.4674353190305 63.9881098393805 66.0427233281151 77.2084394819553 60.8025216203262 69.2403192777992 68.1670807330524 68.5073290037745 73.1811444069783 83.7795872576251 87.0441898280109 93.0836319618895 75.9981844014305 84.0665109996116 77.3243991484007 76.3724132970511 80.2882045364929 79.6731281711459 83.4841899231654 85.5571983841107 85.2096608150255 82.8655913125055 79.7011551259314 84.7164888123011 86.0214207838602
45.1013145752039 49.2676460770038 44.2093900583737 50.217522508554 44.2954321455019 41.1514454982331 39.2394492454024 47.4356750383962 51.297316392461 47.0170986948886 39.8352370577774 49.6821202277329 45.3318213388639 46.3172980102211 40.0050325757872 55.9034355663822 51.1679660832782 59.1106149330119 47.9918313887058 58.8388631175013 73.7977860490944 78.7775503172717 83.7805888706819 65.4622635631721 69.6198954755468 73.9257382794379 74.3610384310844 74.1073844294494 64.3816753679419 76.4615846991802 75.9837788534385 86.4340066510623 85.1811438732503 84.0983238393867 91.8214970084378 81.4390927591379 67.7466203979379 81.5014318141653 88.0486115526975 81.2191939312328 89.6060987007435 84.8014394499474 87.0856316462678 84.1399585244561 91.1809935980795 84.1544656429323
60.6125954589714 53.3736851211208 49.6279519422866 39.8428097910752 45.210723880006 50.2185804352877 42.234844302232 51.0331996456966 58.3935860892673 59.7746335516119 39.5371177178096 46.8012470399114 52.1744238966656 46.4219025797978 50.4508822329355 50.7041811490837 60.6545112321332 52.0420128893163 68.9247661547435 77.8620128201119 64.8332803499511 67.7906760135321 71.3700642483089 59.6885134229688 72.4898351059781 78.8058078945695 65.8417769388496 76.2466902051134 76.469319250153 80.2000909084178 91.1476689451074 73.7873106930882 69.1981730487499 80.4944357606226 83.7920371502245 94.2119290426846 90.174904730377 85.9309597193953 86.3399074600922 90.5953552114075 92.6630835645686 94.8802313290236 79.5798041252208 83.5933158384953 89.734717670112 88.057806654746
61.2818398627729 40.9194692495188 34.588427312662 45.2137549699565 44.392543121852 50.161162533878 51.1841243193113 51.0008565091781 47.2267768865599 38.5598602408786 54.5999665768156 37.1488245671983 52.1659566365798 56.9560327270966 63.7953970251772 53.7554171853147 63.9375086676974 72.3173269566213 69.9256474088701 57.8890147260849 62.9571044095725 69.9487202048141 69.3648194405308 72.1053278334816 65.6997966300143 71.6335888527705 75.7583234578139 85.370864326155 75.9356976255137 70.6803726064153 71.0869552425411 79.6139333513861 75.5526791584958 83.6898172888132 83.7116621979331 89.5398909034469 92.7024424235491 80.2214438916893 85.6119647312102 89.2008729850477 84.9238369751891 83.8121537972848 78.2340659308403 77.6212122332507 92.2362183717867 85.1582139605745
65.4376888021062 67.3976116216621 57.6706484437484 65.950700770457 52.1215747712195 58.9337069690803 47.9460101787182 54.5546077381374 46.1755126158737 40.5414668055504 52.894370313422 51.7683155439907 46.9369564036455 42.986097010092 55.8934659354809 52.7446280795477 55.1996626980512 72.7884946855939 69.4022570006824 71.5724998715963 66.974666884262 65.0508931940326 62.8011136056402 53.042898972526 54.8568991889358 73.0084321676128 64.126847178579 75.3811561477528 68.4392900830454 76.6520201363062 85.8794777069483 81.6462565672937 63.0681301881636 74.6071669797195 82.5418156321643 80.2269530049655 82.953064647828 82.1758274278597 77.4773661858451 84.7359561864573 72.9928384957921 83.4923198904826 82.0750888166508 79.3915856445828 85.8291894825809 73.6789258207725
57.6052292215522 53.5139647195468 48.2769738517733 63.9963797271368 67.8484274292457 61.2889813909538 57.1385826255666 58.4657583469608 48.393457471625 59.067262977216 51.7173706636149 62.4085427279376 52.9366874454906 60.4631753128803 49.0003966841048 38.872912512947 49.2322186059804 67.2305882449645 62.7294811587083 57.6155299881108 51.2273008152128 48.4094362763341 57.7063981803042 52.1660128359917 58.0564060537613 75.0200187940525 65.6117588172632 74.8685422824633 82.4091697984656 80.8668439480172 78.9655626968518 69.0428024458602 69.0057303561553 89.6507131263196 93.5609500483258 85.2199934702185 82.0477649719659 75.4592120673779 86.9651646027026 79.1536034313643 67.3032402836644 68.3425857849735 84.900666440074 81.0339649924626 75.0564902081708 83.6205771431728
49.3222772693471 62.1704803289573 50.8901706840071 62.1336792528562 45.6962995809021 54.7059209018849 60.1879898540308 66.886953501607 62.0314666451442 61.0287564309018 42.1520453669079 49.2964915663469 56.6171074283846 57.6787416103841 49.2069649446352 39.7502045419606 55.0775750178175 58.0080811383241 66.8581832893086 55.1283835789655 50.9710816080976 72.9001031694073 48.6939145855207 59.723696007889 55.8613632847167 70.1867690890659 68.4404051314323 57.7671369952831 77.288611526222 68.2026275735224 70.3698766911182 60.1262923343944 64.850814167375 70.2637664046286 78.6496735374923 75.2824714447851 73.8242808584298 79.2048782165634 79.4659029959431 69.1614783418236 90.3769191010956 75.9997230095434 77.0424469540624 65.9610514000916 72.5619554657685 67.4921757811174
