cellular-automata/suitability.asc
NCOLS 400 
NROWS 400 
XLLCORNER 0 
YLLCORNER 0 
CELLSIZE 100 
NODATA_value -9999 
[rows 180 to 199 of 400, columns 322 to 367 of 400]
38.0023070657534 25.1371030443287 25.5275885848647 25.8921798314667 30.0260799017076 54.453492231677 30.1346953099056 30.9435159002037 35.4292065026859 55.3890267806065 51.2581582749448 44.1016516084373 36.4379187667055 43.5673436864768 35.969178315185 35.9831746084981 33.7420008585962 43.3014969131281 24.2327882121626 41.1266338608445 42.3012838492706 31.8259693075197 38.7971776212097 26.6930025387099 24.4356505928566 26.5367047205212 33.1126949535992 39.3504981749621 24.3263379851693 25.7052418169193 46.1147750989723 43.0430298831362 40.1818499760161 48.4561148212177 39.9289252462385 58.8264400019422 58.2476003341772 70.2243970146334 67.2178061936297 59.3841543534797 60.3158884365883 55.3150514298502 58.7838926674115 63.5993021816682 55.0190869833676 70.5284452180958
33.4466949119705 37.513265872103 27.9814430389052 33.4600145700178 27.5029301527617 29.2473139068334 34.7761568390537 33.3794046255588 23.7090294823398 41.0352211311897 37.7950123745367 39.5073722308785 39.6906596390748 46.6377477385446 31.4087489571436 33.7120702875716 32.2932765462414 33.6270849713435 30.6576197644057 29.6165616025395 33.9238595133584 31.4845919110601 22.2596441777024 27.0438025561163 26.7209972890458 21.3939264390948 16.2792615004279 32.865013304823 28.0017954787206 26.7220676093558 41.8813338020866 45.9124356419993 50.0429771124827 49.3042893331928 53.908847399535 54.1800799993291 70.8802315570409 51.2591635476443 45.4998109927617 43.177543614062 46.4847848823241 63.6287201837218 63.1498061681471 46.7135632258975 49.669794199507 58.288203947238
30.4099961653513 38.8514863511012 37.7318437999152 20.6437260755682 27.2826784452541 31.819641143745 24.6087916032574 19.1553375811264 35.6205854621499 40.5631618728842 45.1820667712331 38.7213296052125 40.2791590675676 40.9957853921263 44.0156883789709 35.5414842614267 31.2611375543842 29.534713462346 33.9425190208903 34.0273837826984 44.0035125256556 29.770586618716 24.0774988536736 23.7778639672714 16.703506591241 15.5185751831799 18.5576607665753 30.8209689737396 38.8230998185027 42.0604268338266 48.0921223887988 50.6849397969409 45.6326234857397 43.2842906173112 51.401363889225 50.4069270147113 44.7933848694846 47.0133599801477 54.2683926943684 48.656517725506 57.3431634965981 53.6343237506105 49.0507667375671 52.3358436309482 51.0330611728379 54.7814049010919
22.9826776907285 35.8805644433819 33.8087373214534 27.3864471929992 27.9304939738387 27.8713959397591 22.1198353155 34.5961541085825 37.3899916885719 39.9892529704455 30.6510144029065 36.6742242164982 25.2793721878778 29.5920556305216 31.0614870117922 40.9975477744073 38.4574224457949 36.0558499249069 37.9181322482121 37.0463842456099 34.6357415642923 32.8388764056955 26.6643960712947 34.6829799221159 32.7210897265202 16.919851235009 23.1994437801733 26.9381694197774 36.2277726099937 51.5743406080499 38.164360213724 48.5911661910682 57.5189460535709 42.8378460468705 35.4550683081203 51.9762747904777 44.70685219268 58.4074896292223 31.1221730015176 62.7175147315116 53.939777324279 54.0613508266812 45.5837851191701 57.000385988884 42.5336859476439 48.1900255538424
36.8655020468733 26.5623227784861 20.7992854117876 41.7604768300761 24.1886713919984 29.0702270091008 31.6506114774638 32.3807011053727 24.812772485797 42.6534866706282 38.0798467608626 45.2401724292138 39.6427194718749 37.7210270008789 34.3317827581647 41.2732708749488 43.5708076303664 50.346087796632 42.659030743325 46.1596322928997 39.0991747698593 27.5376212579465 19.001506726332 26.6625251590303 19.8483597882704 36.7920308299987 36.9667884774998 33.9243760336732 35.9138486486868 38.4888285678834 46.9213695255296 55.0294733893326 42.7828570759524 42.6897807059712 39.1009339528546 41.4065688254609 41.4071796188 50.7120913755619 27.3891872055713 37.7133791984029 53.2414841453922 46.5867020022764 36.5576938096617 53.9440675304545 52.5033409404999 47.8854985731486
34.1151581345397 43.338381416224 31.3534409843424 34.4986510365421 32.3800234063346 30.3077275076658 33.8457500891959 31.5837078687911 34.1681657704873 26.2599654113198 50.6560940768645 37.9920141579393 49.6329553095919 27.6541873374883 42.7774144222781 41.3397280925218 40.8885631090364 34.8636914512106 37.823071233238 37.5957306512519 33.8081132707924 25.2523772391802 18.6588873549934 26.7667569420465 27.4249089603082 29.2110271006417 37.0684755676311 24.2804217206667 29.4764098729629 30.807376534536 39.2901287383595 43.1692334573369 51.2437194496044 42.2883868184889 38.8040317783217 52.6509653172772 48.2242683313024 51.7173167089765 54.4727234361946 66.3244522379617 60.4544635375158 53.4921385796435 38.262253169233 25.4907532437912 52.3735840793386 49.3955573019983
45.5946769397325 40.6417435978796 36.4747476207395 40.3144127401387 42.7916479553732 33.5436295907 32.4480965026997 37.761250122116 41.3583954972811 42.8583062796203 34.6404841632325 31.3245814996087 41.3102049022858 39.4099898326723 36.1368483810744 33.4072697140111 27.3980801566767 34.7642474633627 28.2862406820497 41.27515330667 21.8066391312439 23.7299158494327 35.3721299061766 36.1657623062158 23.8266122844889 30.1524704728782 39.3931332259027 22.6497564729824 37.3944171207419 38.1361135892576 38.2991451398609 48.0192129005677 39.3417830172797 38.2191416859924 36.7718688872705 34.5597795959801 55.0462380305927 47.9560883199072 51.4011801344097 60.7408618867288 61.2124134346409 48.2514972484619 47.7783023360652 39.2435289294657 48.8324464471446 53.1296368061904
41.7141346494044 47.0233431092664 36.2400790651923 51.3211783766123 43.4979371869509 31.0003571239949 35.3869787983839 45.4119834020191 37.6289048596804 48.8812970101594 59.2469430673819 51.5423925053959 46.7087667305801 25.1480975940528 35.2932178863358 30.2032889076587 35.0515671842589 31.7834405286395 28.6300267339038 30.4062476058212 28.8372113137016 19.1246003775258 28.744221581638 32.1877448770247 33.2494401690337 34.5417275700927 27.8231469448773 37.9120646134759 24.5684643670021 24.7447337184041 29.890518042467 60.9512845649581 51.8526304990014 43.2365544752401 34.8360650616141 29.1349049269903 46.843304077935 45.6641307786184 51.7553718789867 44.9413136756498 53.8585718987266 59.7209224324942 40.2886264082333 36.4894312774987 43.4443192496163 39.3117392366519
26.6229233836132 46.8797001613654 45.2920329705356 42.3221099574843 33.0409485781311 34.2572751452003 29.107539115734 44.2976128875649 45.090902657846 32.4228835428291 47.2642229190614 34.119869019347 38.5772491305408 29.1828055924027 35.4631841030475 33.9817085219422 28.3539579260844 29.7410042752167 24.4939035259208 30.6234649583606 21.1241163677506 21.3357548092776 16.863554150327 24.9472768675113 23.8023494408296 18.0769548739436 27.5963083797964 23.0773390962357 26.5987429198595 30.0896134980632 29.9594145572747 44.2975365489534 42.0785216568386 34.1834404485125 39.1900491548042 22.3092558231752 37.2968307271816 35.1459754368346 69.0061267064367 53.6273290530428 62.771767157132 58.1204565694497 47.3958623964031 47.6386590362902 33.3387543579355 35.3857627700045
35.0570457752611 34.5490852746589 35.3676698331059 25.9066988818337 36.4062489111483 27.7054067951161 36.0688159243355 47.0878887702036 33.4567499775167 35.7247947358246 32.3338045777957 34.4717755840168 36.422234263917 31.8256907940534 35.2810336469385 41.50569434155 35.9027602638292 39.8434152034539 32.5405763700032 33.8632390502011 26.5570165577618 22.3284473403 27.8979690020642 22.8965009452013 14.8082249202359 18.6170197443585 25.2065821081766 28.205992926433 26.5143879679684 27.1845520311156 28.7262194733272 32.2436873515604 49.3048892843985 33.4299486549277 26.4756923347138 28.4816449097909 33.5080067415677 54.0615912763158 55.5152485763699 53.8423573323789 58.5235395654618 44.5634656000282 43.9101411892389 45.238014978303 45.8681170438695 41.6349063563329
35.867228716754 36.6785503912418 40.4344590187044 25.9324376597144 39.6183047484447 28.7309669794067 34.9946876299115 27.7744630651111 28.0429067375001 44.612847300172 34.5297314050055 29.5656564153899 35.2197259913201 32.0696017230348 27.4814874699544 33.9099933451295 34.0827790319792 36.3185851379836 33.227821050163 37.8109746730793 25.5063148539155 28.0317561995357 26.0572288535592 21.8978986409616 26.0826773088423 23.5227751677097 23.725431273986 19.7024670330964 26.7991188123436 24.8031129904104 35.7623066734861 15.9488904490673 33.8378569754619 28.1074195417765 35.5584806409736 27.5927551614018 29.9447868605605 33.433929509157 35.6168353543484 35.3719612144167 49.5872945526447 38.4499342395469 59.1238766878083 56.1323016743527 28.4966930588494 38.0291361410668
42.3307267904327 32.3946611878408 51.0247081888005 34.9505540508268 32.9365988007999 36.220288805803 32.7452686633377 38.3224379065604 31.7764712668562 34.3793553281865 30.4187782249004 31.9207572704342 38.8667284139543 33.8285374276048 40.5348032657973 34.8271196162573 32.2170575557501 34.4577391568323 34.0248819784666 27.5561262989114 18.9544355749965 27.4458558996246 30.8696933981421 20.5850104918945 26.6259988700083 24.0467182274473 23.3373266891941 23.7382346313419 24.5992116764982 21.6255778228618 24.4493638078236 13.0879075254085 18.0235509937891 24.4903541418917 31.7214162700498 27.0155879768642 23.7293947368984 26.3549417518167 29.5507522149672 30.6731663276139 29.4245116269328 31.7811579565413 41.9747821005977 45.5297542247658 40.7777046427422 36.466535679822
26.9228358229781 35.783097030858 34.0886847232922 38.4622813902978 41.243191615433 33.9879750987542 32.0177947150509 28.5139146794742 30.8657382603696 31.2155169409395 36.4919753120587 41.6846425331535 35.0236086860445 25.7390167535392 39.9737858725294 39.920024851303 40.9097430104923 26.0678863423885 30.5477547112264 34.0614387401105 17.9820442251018 29.7551652373936 24.0555580846571 25.4567417039767 23.2913817807097 17.56213337828 25.6730729417882 28.999848647447 22.3199734112913 24.8515504929493 19.7166208834973 18.3989556401842 15.1150899728518 15.877237572509 17.0232134860875 17.5819394679961 28.3000733200861 39.9414764883322 26.9051332576405 30.9242592709696 27.5368669586987 30.4867553716975 30.7673856686338 33.3388806673727 39.6189466863463 48.3828723127623
27.9981746098718 28.9490377498658 37.3930243420041 23.8676708658127 35.9507070270503 32.5440361067124 28.9755826640025 24.0185455194166 29.616758181298 38.1518947481169 37.190209827514 29.5836037329284 38.0540295850271 37.3743223445702 37.5254798061563 34.7143698546662 40.5582813786313 28.9990328480485 33.8059256596723 22.4831572287041 29.8326636687615 26.232899417321 25.2269576317109 32.992473644616 28.6149309352808 19.7772554982778 17.1965846184566 20.957825720679 12.1007503688892 21.8243542878362 27.4764828182253 19.8553484842873 19.0859393770688 25.9602652364306 16.0577609175891 20.7991513694403 18.5407680931712 30.6497420391764 25.1227982767782 27.9740333302727 33.1405569928207 28.112512195287 23.1144232701115 26.6252376353791 24.2263663030907 26.2414782367498
20.7233303102905 31.2906929482645 27.5327806988092 31.5269417687566 28.4898773932656 30.2657969698215 19.4266412601085 22.5146661051687 39.1823982976201 40.0444529822326 40.0129556570065 27.1359048218394 32.2824886867806 25.0387447327177 22.8136387953201 39.0979070680058 39.7777478505689 33.4773571484388 30.6499902845854 25.3487721500346 17.7507027764283 29.8945056937749 34.3136803089269 31.6828671440477 31.5669180356476 24.4226908443806 16.8790966457842 13.3738740201148 15.2548809488786 11.3683252442126 14.4138021672651 20.3582355748597 13.6921496091726 29.6513160281613 11.7420013886074 13.3719867473315 15.4079961924031 14.9587112136627 30.2625908160075 22.1805691090059 17.4383368222347 20.0860468881991 35.3975103813276 29.5777959325925 45.3514810380017 29.783147630704
28.7155793404783 32.553962193942 33.4906298610433 29.9309194682252 32.8743542116953 20.3347491272565 28.1199971369582 26.868347167908 24.000423668596 25.4356083979275 22.7735189153445 37.7045301299421 49.8160927700913 38.7577454466877 32.5752690256993 33.3825976230501 34.6614729024046 41.8031656188082 47.4912233570971 35.2404011364373 36.7673379075549 36.427088486626 21.1226754164227 25.1965948904585 22.7922228768357 24.6615919537676 11.878499050886 21.7491603252771 28.2731842454218 11.9454315588045 16.3712535998253 15.3356784699732 14.4925798001785 11.4007876562282 16.0846575197557 17.2001159528263 20.9137725445905 32.6735249699029 20.5390623244431 20.2263472514116 26.6048719497259 12.1532372792492 39.5189447839264 35.6053109326879 30.019704353973 20.5633741635029
27.8431900802093 28.6508817750534 25.1204325500205 33.2171652268425 29.1801042479281 25.6835011709609 21.8406255940083 15.6730024578727 29.8999344004738 27.6249038045122 25.1002863604077 31.995677655893 46.8661882917598 42.9200880415353 33.146836228687 48.2343209852961 32.3612327506856 37.8581298166967 34.1282489551814 46.6542853427586 30.7877257397992 34.5947695674675 32.7409306064362 29.346602498849 16.866119714389 26.437693173702 26.3884851144824 23.1680727064618 12.0254280457387 10.5741610291601 11.893608651723 15.4437678658637 14.0174760224531 19.767830447497 24.1855436764105 16.296706167466 13.4996392663947 24.8444948415249 13.588158812336 16.1598957236917 27.3996760108866 28.4959652651582 26.8681370806252 25.3448570860205 20.2750819173822 29.4562764686279
22.9075402933682 32.1256685065677 26.2978015860813 33.6935115511377 24.1928231332528 22.3474898430044 16.8353701272231 38.6366127287462 35.6373331913865 25.2952064742333 32.4693532715154 33.6441406699926 39.5200710306985 53.9801710409794 36.8588584032848 34.7548478784141 46.2642602524298 46.2600330440229 50.0156685165292 37.616232437706 28.1752263937895 27.8584511668141 36.6452507869196 32.2521613304772 23.5545604739631 29.5734310581653 24.8289214876172 19.0510608115306 17.627203644005 15.8527809671453 13.0460339037086 20.3452684366937 11.3876050609602 13.2834161838565 16.7373442622429 16.7756655247206 18.9372836793612 14.1370255471021 16.9010840812186 15.2108254269515 16.3846477873784 29.5636837750869 13.7616930661423 34.0195889178607 26.5006662067743 19.5266384772849
30.0002002968377 29.2573094014458 25.0423048268949 32.5840174913525 31.4031715172631 20.6792986912732 39.8966762696846 19.689614829128 34.2816292826388 34.7523901317556 35.0824526175037 38.282747014291 31.4881459548321 38.5995861408974 44.4414089584805 42.1152733081974 44.0210673013288 49.8204196516203 58.3481797161102 42.4603094372777 33.7775995910847 43.7078404730949 48.6400565433206 41.584562987353 32.6477106551484 31.2312516602461 21.3167351629816 18.5918196894234 19.7512603720097 27.2949150133177 11.2468827255878 9.22916312058487 11.5425653797497 14.1106463666515 13.6359974889888 25.0024280415845 24.1895026099826 18.6028705271992 10.4489704121255 17.0007950429246 14.7132188599931 18.9086058546158 22.1537743895272 12.5043546845534 16.4808147006932 22.5060914017478
24.2657487808823 28.0168081218882 25.7023847737334 24.6897105045337 25.588623281082 21.5942526905696 22.7293123729096 31.3089821013442 31.8274495776564 31.7877496505042 25.7599069159879 32.3926426847702 28.4424697921423 35.6376906832188 43.8660888207765 37.0270772240682 58.2804344976124 47.3056491387594 45.816117027858 30.1436627599372 35.4552251811689 35.0340715379089 41.4166471524432 26.8788808131757 25.3885129988129 40.1440807863084 20.7844380171445 28.3919008444219 19.7141657553027 20.8964722645954 6.37466742420978 8.75625216588649 16.4348293229636 12.0922229453584 15.1354083833074 15.6063132491059 21.8606260302644 19.9466354772971 11.2425840792052 18.3518629607628 11.0274116132258 8.65103160782692 7.77465786279621 16.2654156102486 17.8150462120597 15.8911656754291
